7 0.2950185643564356 0.04568894389438946 0.044863861386138605 0.0587871287128713
8 0.34181621287128705 0.048783003300330044 0.04718440594059414 0.056724422442244245
10 0.30584777227722776 0.26794554455445535 0.044863861386138605 0.06188118811881174
6 0.38010519801980197 0.2555693069306931 0.06033415841584144 0.08663366336633664
3 0.4976794554455445 0.185437293729373 0.03867574257425739 0.03919141914191417
9 0.49381188118811875 0.04775165016501651 0.15006188118811883 0.08766501650165016
1 0.19252784653465344 0.11788366336633666 0.14000618811881188 0.18461221122112212
0 0.21186571782178215 0.6479991749174918 0.1369121287128713 0.19080033003300326
2 0.21944616336633693 0.44234735973597356 0.03666460396039546 0.876443894389439
5 0.34297648514851475 0.7748556105610561 0.36200495049504944 0.03197194719471952
4 0.3375618811881188 0.5938531353135313 0.05105198019801982 0.07838283828382835
