0 0.2544090346534653 0.08436468646864688 0.17249381188118812 0.16707920792079206
1 0.7239325495049505 0.07920792079207922 0.16166460396039603 0.14851485148514854
10 0.6051980198019802 0.23545792079207922 0.04950495049504955 0.06084983498349835
2 0.043626237623762366 0.4602929042904291 0.027846534653465337 0.6569719471947195
4 0.2938582920792079 0.23906765676567657 0.054919554455445496 0.06600660066006604
7 0.8094059405940595 0.21895627062706274 0.04641089108910901 0.05466171617161718
6 0.6164139851485148 0.30765264026402644 0.06574876237623757 0.07941419141914192
5 0.055228960396039584 0.25195957095709576 0.08353960396039603 0.47957920792079206
8 0.8148205445544555 0.2798061056105611 0.04950495049504955 0.05466171617161718
9 0.8480816831683168 0.49432755775577564 0.11757425742574253 0.25061881188118806
3 0.6995668316831682 0.5247524752475248 0.03248762376237622 0.06394389438943891
