0 0.213026 0.643874 0.139233 0.205239 0.190564 0.678207 1 0 0 0
1 0.192141 0.113758 0.140780 0.199051 0.171415 0.102226 1 0 0 0
3 0.499226 0.187500 0.046411 0.045380 0 0 0 0 0 0
4 0.334855 0.599526 0.062655 0.079414 0.335325 0.599571 1 0 0 0
6 0.379718 0.269493 0.068843 0.087665 0.368260 0.266646 1 0 0 0
10 0.307395 0.277228 0.049505 0.078383 0.306219 0.276859 1 0 0 0
7 0.294245 0.053940 0.040223 0.062913 0.295496 0.051164 1 0 0 0
8 0.334855 0.053940 0.045637 0.060850 0.336091 0.053207 1 0 0 0
9 0.489944 0.054249 0.145421 0.108498 0.529105 0.033803 1 0 0 0
5 0.338335 0.803733 0.374381 0.073226 0.332261 0.811989 1 0 0 0
2 0.434414 0.444463 0.459777 0.878713 0 0 0 0 0 0