3 0.697246 0.521658 0.051052 0.092822 0 0 0 0 0 0
4 0.276219 0.228390 0.065749 0.085602 0.276731 0.222222 1 0 0 0
6 0.610233 0.293365 0.078125 0.106229 0.603784 0.273284 1 0 0 0
7 0.804014 0.204204 0.054146 0.063944 0.800628 0.198734 1 0 0 0
8 0.812515 0.265509 0.058787 0.067038 0.809819 0.254902 1 0 0 0
10 0.594824 0.217055 0.059561 0.067038 0.595358 0.215074 1 0 0 0
9 0.856977 0.501547 0.149288 0.285685 0.855775 0.542892 1 0 0 0
2 0.488088 0.452584 0.976176 0.735355 0 0 0 0 0 0
5 0.075340 0.274134 0.129950 0.519802 0.070695 0.218137 1 0 0 0
0 0.259437 0.095710 0.170173 0.185644 0.228477 0.044526 1 0 0 0
1 0.713596 0.090759 0.168626 0.181518 0.737056 0.020016 1 0 0 0