3 0.701887 0.530425 0.049505 0.083540 0 0 0 0 0 0
4 0.291538 0.243709 0.065749 0.085602 0.288220 0.228350 1 0 0 0
6 0.610999 0.308684 0.078125 0.106229 0.613741 0.285539 1 0 0 0
7 0.806312 0.224629 0.054146 0.063944 0.812883 0.206904 1 0 0 0
8 0.814047 0.279806 0.058787 0.067038 0.817479 0.267157 1 0 0 0
10 0.601717 0.233395 0.059561 0.067038 0.603018 0.224265 1 0 0 0
9 0.856977 0.501547 0.149288 0.285685 0.865732 0.557190 1 0 0 0
2 0.508501 0.465359 0.966894 0.704414 0 0 0 0 0 0
5 0.075340 0.274134 0.129950 0.519802 0.084057 0.237172 1 0 0 0
0 0.260203 0.094688 0.170173 0.185644 0.231541 0.042484 1 0 0 0
1 0.724319 0.093647 0.168626 0.181518 0.747013 0.029208 1 0 0 0