7 0.3000464108910891 0.04878300330033005 0.0425433168316832 0.05053630363036305
8 0.3437499999999999 0.04568894389438945 0.040222772277227745 0.05466171617161716
10 0.3077815594059406 0.2550536303630364 0.04099628712871288 0.05466171617161727
6 0.37817141089108913 0.24680280528052823 0.054919554455445496 0.06084983498349873
3 0.5038675742574258 0.16584158415841588 0.03867574257425739 0.03919141914191417
9 0.49381188118811875 0.04775165016501651 0.15006188118811883 0.08766501650165016
3 0.3391089108910891 0.5876650165016503 0.046410891089108966 0.07219471947194726
1 0.19252784653465344 0.11788366336633666 0.14000618811881188 0.18461221122112212
0 0.21573329207920794 0.6479991749174918 0.1369121287128713 0.19080033003300326
2 0.22393254950494962 0.43780940594059375 0.03140470297029614 0.8756188118811875
5 0.33756188118811875 0.7769183168316831 0.3620049504950495 0.03197194719471952
