0 0.44430693069306926 0.12252475247524754 0.1191212871287128 0.09075907590759076
1 0.784266707920792 0.12252475247524754 0.12762995049504955 0.09282178217821783
10 0.6821627475247525 0.26485148514851486 0.04409034653465351 0.045379537953795374
2 0.5932085396039604 0.39789603960396036 0.5901918316831682 0.4723597359735973
7 0.8225556930693069 0.26175742574257427 0.0371287128712872 0.045379537953795374
4 0.4837561881188119 0.29372937293729373 0.04486386138613865 0.05775577557755775
6 0.6844832920792079 0.34426567656765683 0.050278465346534684 0.066006600660066
5 0.34529702970297027 0.2885726072607261 0.041769801980198015 0.41254125412541254
8 0.8194616336633663 0.31126237623762376 0.0386757425742573 0.045379537953795374
9 0.8194616336633663 0.4773102310231023 0.06806930693069298 0.15264026402640266
3 0.7293471534653465 0.4814356435643565 0.02552599009901 0.037128712871287085
