0 0.2126392326732673 0.6454207920792079 0.13691212871287126 0.2000825082508251
1 0.19214108910891087 0.11375825082508254 0.14077970297029702 0.19905115511551155
3 0.5003867574257426 0.18028052805280534 0.04254331683168315 0.045379537953795374
4 0.3433632425742573 0.5861179867986799 0.06265470297029707 0.07941419141914198
6 0.3766243811881187 0.25814768976897684 0.06884282178217829 0.08766501650165007
10 0.31358292079207917 0.28238448844884495 0.04950495049504946 0.0783828382838284
7 0.2984993811881188 0.048783003300330044 0.04254331683168315 0.06291254125412542
8 0.34258972772277224 0.04775165016501652 0.04563737623762374 0.060849834983498365
9 0.4961324257425742 0.04311056105610562 0.14542079207920794 0.07838283828382837
5 0.3398824257425742 0.8027021452145215 0.3743811881188119 0.07322607260726066
2 0.42744430693069313 0.4393564356435643 0.4597772277227724 0.8787128712871286
