0 0.213026 0.643874 0.139233 0.205239 0.195542 0.668505 1 0 0 0
1 0.192141 0.113758 0.140780 0.199051 0.166437 0.086397 1 0 0 0
3 0.497293 0.172030 0.042543 0.045380 0 0 0 0 0 0
4 0.336402 0.578899 0.062655 0.079414 0.340303 0.577614 1 0 0 0
6 0.371983 0.262273 0.068843 0.087665 0.371706 0.246732 1 0 0 0
10 0.304301 0.255569 0.049505 0.078383 0.305070 0.255923 1 0 0 0
7 0.295019 0.031456 0.040223 0.062913 0.298943 0.034314 1 0 0 0
8 0.340269 0.034344 0.045637 0.060850 0.338006 0.033292 1 0 0 0
9 0.491878 0.051361 0.147741 0.092822 0.541743 0.013889 1 0 0 0
5 0.333694 0.792389 0.374381 0.073226 0 0 0 0 0 0
2 0.431312 0.439356 0.459777 0.878713 0 0 0 0 0 0