0 0.452816 0.144699 0.131498 0.128919 0.435279 0.129289 1 0 0 0
1 0.785427 0.129229 0.128403 0.128919 0.796798 0.122141 1 0 0 0
2 0.593595 0.400474 0.612624 0.496081 0 0 0 0 0 0
3 0.733601 0.484014 0.030941 0.058787 0 0 0 0 0 0
4 0.482983 0.292182 0.049505 0.073226 0.483532 0.292688 1 0 0 0
5 0.349551 0.277228 0.053373 0.426980 0.347963 0.289624 1 0 0 0
6 0.685644 0.343234 0.049505 0.068069 0.690334 0.336601 1 0 0 0
7 0.822556 0.264336 0.037129 0.054662 0.825138 0.260008 1 0 0 0
8 0.819848 0.308684 0.039449 0.052599 0.821308 0.305964 1 0 0 0
9 0.821782 0.479373 0.077351 0.165017 0.825138 0.519404 1 0 0 0
10 0.683323 0.266399 0.044864 0.050536 0.684972 0.263072 1 0 0 0