0 0.213800 0.646968 0.139233 0.205239 0.195925 0.676164 1 0 0 0
1 0.192141 0.113758 0.140780 0.199051 0.166820 0.103248 1 0 0 0
3 0.498066 0.189563 0.042543 0.045380 0 0 0 0 0 0
4 0.341824 0.594268 0.062655 0.079414 0.338388 0.596507 1 0 0 0
6 0.377398 0.251960 0.068843 0.087665 0.369792 0.263583 1 0 0 0
10 0.308942 0.275145 0.049505 0.078383 0.308517 0.276859 1 0 0 0
7 0.298113 0.048783 0.040223 0.062913 0.298560 0.052185 1 0 0 0
8 0.342590 0.053940 0.045637 0.060850 0.339920 0.051164 1 0 0 0
9 0.496132 0.043111 0.145421 0.078383 0.533701 0.037888 1 0 0 0
5 0.336811 0.805695 0.374381 0.073226 0.330729 0.809947 1 0 0 0
2 0.422909 0.445122 0.459777 0.878713 0 0 0 0 0 0