0 0.212639 0.645421 0.136912 0.200083 0.196308 0.662377 1 0 0 0
1 0.192141 0.113758 0.140780 0.199051 0.171032 0.096609 1 0 0 0
3 0.501934 0.173061 0.042543 0.045380 0 0 0 0 0 0
4 0.342590 0.584055 0.062655 0.079414 0.343367 0.581699 1 0 0 0
6 0.376624 0.260210 0.068843 0.087665 0.372472 0.247753 1 0 0 0
10 0.308942 0.268977 0.049505 0.078383 0.311198 0.266136 1 0 0 0
7 0.300433 0.035375 0.040223 0.062913 0.301241 0.042484 1 0 0 0
8 0.342590 0.035375 0.045637 0.060850 0.341069 0.041462 1 0 0 0
9 0.496132 0.043111 0.145421 0.078383 0.536765 0.021548 1 0 0 0
5 0.339882 0.802702 0.374381 0.073226 0.334942 0.787990 1 0 0 0
2 0.434406 0.444307 0.459777 0.878713 0 0 0 0 0 0