7 0.2969523514851485 0.0539397689768977 0.0425433168316832 0.05053630363036302
8 0.339108910891089 0.049814356435643574 0.040222772277227745 0.05466171617161716
10 0.30314047029702973 0.27568069306930704 0.04099628712871288 0.054661716171617296
6 0.3696627475247525 0.2725866336633664 0.054919554455445496 0.060849834983498434
3 0.4953589108910892 0.1864686468646865 0.03867574257425739 0.03919141914191417
9 0.4976794554455445 0.04383250825082508 0.15006188118811883 0.08766501650165016
3 0.33137376237623767 0.6021039603960396 0.046410891089108966 0.07219471947194726
1 0.1886602722772277 0.1292285478547855 0.14000618811881188 0.18461221122112212
0 0.20645111386138612 0.6634694719471947 0.1369121287128713 0.19080033003300326
2 0.21465037128712727 0.43780940594059364 0.03140470297029614 0.8756188118811873
5 0.27877475247524747 0.788263201320132 0.24597772277227725 0.021658415841584143
