0 0.4435334158415841 0.12149339933993401 0.12066831683168315 0.08044554455445546
1 0.7827196782178217 0.11582095709570958 0.11989480198019802 0.08353960396039603
10 0.6821627475247525 0.2627887788778878 0.03326113861386144 0.053630363036303634
2 0.5928217821782178 0.400990099009901 0.5878712871287128 0.4785478547854785
7 0.8221689356435643 0.2643358085808581 0.0409962871287128 0.038160066006600664
4 0.48530321782178215 0.2890882838283828 0.04486386138613856 0.060849834983498316
6 0.6825495049504949 0.33859323432343236 0.04950495049504946 0.06084983498349838
5 0.35148514851485146 0.2911509900990099 0.04641089108910892 0.40325907590759075
8 0.8221689356435643 0.30919966996699677 0.037902227722772255 0.04331683168316835
9 0.822555693069307 0.47885726072607265 0.0665222772277227 0.15985973597359743
3 0.7328279702970296 0.48040429042904287 0.026299504950494955 0.04331683168316835
