0 0.212639 0.645421 0.136912 0.200083 0.196308 0.662377 1 0 0 0
1 0.192141 0.113758 0.140780 0.199051 0.170267 0.086397 1 0 0 0
3 0.501934 0.166873 0.042543 0.045380 0 0 0 0 0 0
4 0.341429 0.577351 0.057240 0.072195 0.340303 0.575572 1 0 0 0
6 0.375851 0.247834 0.068843 0.087665 0.372472 0.247753 1 0 0 0
10 0.308168 0.258663 0.049505 0.078383 0.309666 0.257966 1 0 0 0
7 0.300433 0.035375 0.040223 0.062913 0.301241 0.031250 1 0 0 0
8 0.342590 0.035375 0.045637 0.060850 0.342601 0.030229 1 0 0 0
9 0.496132 0.043111 0.145421 0.078383 0.536765 0.016442 1 0 0 0
5 0.339882 0.791357 0.374381 0.073226 0.334942 0.787990 1 0 0 0
2 0.429610 0.435540 0.464109 0.863243 0 0 0 0 0 0