3 0.697246 0.521658 0.051052 0.092822 0 0 0 0 0 0
4 0.291538 0.243709 0.065749 0.085602 0.282858 0.227328 1 0 0 0
6 0.610999 0.308684 0.078125 0.106229 0.606081 0.282475 1 0 0 0
7 0.806312 0.224629 0.054146 0.063944 0.802926 0.206904 1 0 0 0
8 0.814047 0.279806 0.058787 0.067038 0.807521 0.264093 1 0 0 0
10 0.601717 0.233395 0.059561 0.067038 0.594593 0.218137 1 0 0 0
9 0.856977 0.501547 0.149288 0.285685 0.857307 0.553105 1 0 0 0
2 0.495359 0.456167 0.976176 0.735355 0 0 0 0 0 0
5 0.075340 0.274134 0.129950 0.519802 0.067632 0.215074 1 0 0 0
0 0.250246 0.092822 0.170173 0.185644 0.228477 0.044526 1 0 0 0
1 0.724319 0.093647 0.168626 0.181518 0.738588 0.025123 1 0 0 0