0 0.213026 0.643874 0.139233 0.205239 0.196308 0.662377 1 0 0 0
1 0.192141 0.113758 0.140780 0.199051 0.171415 0.102226 1 0 0 0
3 0.495746 0.188531 0.042543 0.045380 0 0 0 0 0 0
4 0.332534 0.597463 0.062655 0.079414 0.336091 0.593444 1 0 0 0
6 0.375077 0.276712 0.068843 0.087665 0.368260 0.269710 1 0 0 0
10 0.308942 0.273102 0.049505 0.078383 0.303922 0.276859 1 0 0 0
7 0.293472 0.053940 0.040223 0.062913 0.297028 0.051164 1 0 0 0
8 0.338722 0.052908 0.045637 0.060850 0.336091 0.051164 1 0 0 0
9 0.489171 0.053424 0.154703 0.101073 0.529871 0.036867 1 0 0 0
5 0.339109 0.795483 0.374381 0.073226 0.342984 0.806883 1 0 0 0
2 0.430538 0.439356 0.459777 0.878713 0 0 0 0 0 0