7 0.3000464108910891 0.04878300330033005 0.0425433168316832 0.05053630363036305
8 0.3437499999999999 0.04568894389438945 0.040222772277227745 0.05466171617161716
10 0.31164913366336633 0.2602103960396041 0.04099628712871288 0.054661716171617324
6 0.38049195544554454 0.2529909240924093 0.054919554455445496 0.060849834983498496
3 0.5038675742574258 0.17099834983498355 0.03867574257425739 0.03919141914191417
9 0.49381188118811875 0.04775165016501651 0.15006188118811883 0.08766501650165016
3 0.3414294554455446 0.5804455445544555 0.046410891089108966 0.07219471947194726
1 0.19252784653465344 0.11788366336633666 0.14000618811881188 0.18461221122112212
0 0.21573329207920794 0.6479991749174918 0.1369121287128713 0.19080033003300326
2 0.2254795792079199 0.43780940594059375 0.03140470297029614 0.8756188118811875
5 0.33756188118811875 0.7769183168316831 0.3620049504950495 0.03197194719471952
