3 0.695312 0.529394 0.034808 0.064975 0 0 0 0 0 0
4 0.291538 0.243709 0.065749 0.085602 0.290943 0.238137 1 0 0 0
6 0.610999 0.308684 0.078125 0.106229 0.615741 0.298900 1 0 0 0
7 0.806312 0.224629 0.054146 0.063944 0.809606 0.220775 1 0 0 0
8 0.809793 0.285479 0.059561 0.055693 0.815394 0.278646 1 0 0 0
10 0.601717 0.233395 0.059561 0.067038 0.603443 0.235243 1 0 0 0
9 0.852336 0.505672 0.144647 0.262995 0.864583 0.565104 1 0 0 0
2 0.509901 0.461531 0.953280 0.722153 0 0 0 0 0 0
5 0.073020 0.278259 0.129950 0.519802 0.085503 0.211130 1 0 0 0
0 0.259437 0.095710 0.170173 0.185644 0.238137 0.051987 1 0 0 0
1 0.724319 0.093647 0.168626 0.181518 0.746672 0.036555 1 0 0 0