4 0.29115099009900985 0.23700495049504952 0.05569306930693072 0.07219471947194721
10 0.6013304455445544 0.2251443894389439 0.05105198019801982 0.05259900990099009
2 0.034344059405940576 0.45565181518151815 0.044863861386138605 0.6910066006600659
7 0.807858910891089 0.21534653465346534 0.0479579207920791 0.053630363036303634
8 0.8186881188118811 0.2751650165016502 0.05259900990099009 0.05775577557755775
6 0.6175742574257426 0.3040429042904291 0.07271039603960397 0.0804455445544554
5 0.034344059405940576 0.2746493399339934 0.05724009900990099 0.444513201320132
9 0.8538830445544555 0.4886551155115512 0.1260829207920791 0.2537128712871287
3 0.6987933168316831 0.5216584158415842 0.03403465346534649 0.07632013201320133
0 0.25208849009900985 0.07095709570957096 0.16939975247524747 0.13820132013201322
1 0.7223855198019802 0.07095709570957097 0.16166460396039603 0.13201320132013203
