3 0.697246 0.521658 0.051052 0.092822 0 0 0 0 0 0
4 0.280815 0.240645 0.065749 0.085602 0.282093 0.230392 1 0 0 0
6 0.610999 0.308684 0.078125 0.106229 0.606081 0.284518 1 0 0 0
7 0.806312 0.224629 0.054146 0.063944 0.802926 0.208946 1 0 0 0
8 0.814047 0.279806 0.058787 0.067038 0.810585 0.268178 1 0 0 0
10 0.594058 0.229310 0.059561 0.067038 0.595358 0.223243 1 0 0 0
9 0.856977 0.501547 0.149288 0.285685 0.855009 0.556168 1 0 0 0
2 0.511066 0.478635 0.976176 0.735355 0 0 0 0 0 0
5 0.075340 0.274134 0.129950 0.519802 0.071461 0.217116 1 0 0 0
0 0.259437 0.095710 0.170173 0.185644 0.229243 0.045547 1 0 0 0
1 0.724319 0.093647 0.168626 0.181518 0.740885 0.026144 1 0 0 0