3 0.701887 0.530425 0.049505 0.083540 0 0 0 0 0 0
4 0.291538 0.243709 0.065749 0.085602 0.292816 0.238562 1 0 0 0
6 0.610999 0.308684 0.078125 0.106229 0.614507 0.285539 1 0 0 0
7 0.806312 0.224629 0.054146 0.063944 0.809819 0.214052 1 0 0 0
8 0.814047 0.279806 0.058787 0.067038 0.818244 0.270221 1 0 0 0
10 0.601717 0.233395 0.059561 0.067038 0.602252 0.225286 1 0 0 0
9 0.856977 0.501547 0.149288 0.285685 0.867264 0.558211 1 0 0 0
2 0.507735 0.456167 0.966894 0.704414 0 0 0 0 0 0
5 0.075340 0.274134 0.129950 0.519802 0.084057 0.237172 1 0 0 0
0 0.259437 0.095710 0.170173 0.185644 0.236690 0.048129 1 0 0 0
1 0.724319 0.093647 0.168626 0.181518 0.748843 0.038484 1 0 0 0