0 0.213800 0.646968 0.139233 0.205239 0.196308 0.662377 1 0 0 0
1 0.192141 0.113758 0.140780 0.199051 0.168352 0.099163 1 0 0 0
3 0.498066 0.189563 0.042543 0.045380 0 0 0 0 0 0
4 0.341058 0.593246 0.062655 0.079414 0.339154 0.593444 1 0 0 0
6 0.377398 0.251960 0.068843 0.087665 0.370558 0.266646 1 0 0 0
10 0.308942 0.273102 0.049505 0.078383 0.309283 0.277880 1 0 0 0
7 0.298113 0.048783 0.040223 0.062913 0.297794 0.050143 1 0 0 0
8 0.342590 0.053940 0.045637 0.060850 0.340686 0.052185 1 0 0 0
9 0.496132 0.043111 0.145421 0.078383 0.532169 0.028697 1 0 0 0
5 0.335279 0.806716 0.374381 0.073226 0.333793 0.806883 1 0 0 0
2 0.429037 0.443079 0.459777 0.878713 0 0 0 0 0 0