3 0.701887 0.530425 0.049505 0.083540 0 0 0 0 0 0
4 0.291538 0.243709 0.065749 0.085602 0.293581 0.232435 1 0 0 0
6 0.610999 0.308684 0.078125 0.106229 0.613571 0.292149 1 0 0 0
7 0.806312 0.224629 0.054146 0.063944 0.813649 0.214052 1 0 0 0
8 0.814047 0.279806 0.058787 0.067038 0.820542 0.272263 1 0 0 0
10 0.601717 0.233395 0.059561 0.067038 0.604550 0.229371 1 0 0 0
9 0.852336 0.505672 0.144647 0.262995 0.868030 0.568423 1 0 0 0
2 0.506807 0.471741 0.978032 0.693482 0 0 0 0 0 0
5 0.073020 0.278259 0.129950 0.519802 0.084057 0.237172 1 0 0 0
0 0.259437 0.095710 0.170173 0.185644 0.236690 0.048129 1 0 0 0
1 0.724319 0.093647 0.168626 0.181518 0.748843 0.038484 1 0 0 0