3 0.7018873762376238 0.5304249174917491 0.04950495049504946 0.0835396039603961
4 0.2915377475247524 0.24370874587458752 0.06574876237623761 0.08560231023102319
6 0.6109993811881187 0.30868399339933994 0.078125 0.10622937293729369
7 0.8063118811881187 0.22462871287128713 0.05414603960396036 0.06394389438943891
8 0.809792698019802 0.28547854785478555 0.0595606435643564 0.05569306930693072
10 0.6017172029702971 0.23339521452145226 0.05956064356435649 0.06703795379537966
9 0.852336014851485 0.5056724422442245 0.1446472772277227 0.2629950495049505
2 0.5021658415841586 0.45338283828382825 0.978032178217822 0.6934818481848187
5 0.073019801980198 0.2782590759075908 0.1299504950495049 0.5198019801980199
0 0.2594368811881188 0.09570957095709573 0.1701732673267327 0.18564356435643567
1 0.724319306930693 0.09364686468646864 0.16862623762376225 0.1815181518151815
