7 0.2950185643564356 0.03537541254125414 0.044863861386138605 0.05878712871287129
8 0.34181621287128705 0.033312706270627074 0.04718440594059414 0.05672442244224423
10 0.3120358910891089 0.2566006600660066 0.044863861386138605 0.06188118811881186
6 0.38010519801980197 0.2555693069306931 0.06033415841584144 0.08663366336633664
3 0.5023205445544555 0.16790429042904295 0.03867574257425739 0.03919141914191417
9 0.49381188118811875 0.04775165016501651 0.15006188118811883 0.08766501650165016
1 0.19252784653465344 0.11788366336633666 0.14000618811881188 0.18461221122112212
0 0.21186571782178215 0.6479991749174918 0.1369121287128713 0.19080033003300326
2 0.22741336633663387 0.4310024752475247 0.03465346534653411 0.8620049504950494
5 0.34297648514851475 0.7655734323432344 0.36200495049504944 0.03197194719471952
4 0.34065594059405935 0.5804455445544555 0.05105198019801982 0.07838283828382835
