7 0.29424504950495045 0.058065181518151834 0.044863861386138605 0.05878712871287129
8 0.34181621287128705 0.05290841584158416 0.04718440594059414 0.056724422442244224
10 0.307394801980198 0.2849628712871287 0.04950495049504946 0.07528877887788783
6 0.3708230198019802 0.26691419141914186 0.06033415841584144 0.08663366336633657
3 0.49458539603960394 0.1916254125412542 0.03867574257425739 0.03919141914191417
9 0.49381188118811875 0.04775165016501651 0.15006188118811883 0.08766501650165016
1 0.1867264851485148 0.13232260726072614 0.14387376237623756 0.18667491749174928
0 0.20258353960396036 0.6645008250825082 0.1369121287128713 0.19080033003300326
2 0.21673886138613901 0.4454414191419141 0.03434405940594001 0.8805693069306931
5 0.3383353960396039 0.7851691419141914 0.36200495049504944 0.03197194719471952
4 0.33214727722772264 0.6041666666666666 0.05105198019801982 0.07838283828382835
