0 0.213800 0.646968 0.139233 0.205239 0.187500 0.681270 1 0 0 0
1 0.192141 0.113758 0.140780 0.199051 0.167586 0.110396 1 0 0 0
3 0.498066 0.189563 0.042543 0.045380 0 0 0 0 0 0
4 0.334855 0.605714 0.062655 0.079414 0.335325 0.600592 1 0 0 0
6 0.371210 0.280837 0.068843 0.087665 0.367494 0.271752 1 0 0 0
10 0.308942 0.273102 0.049505 0.078383 0.306219 0.279922 1 0 0 0
7 0.298113 0.048783 0.040223 0.062913 0.293964 0.056270 1 0 0 0
8 0.342590 0.053940 0.045637 0.060850 0.336091 0.054228 1 0 0 0
9 0.496132 0.043111 0.145421 0.078383 0.532169 0.038909 1 0 0 0
5 0.339109 0.795483 0.374381 0.073226 0.336857 0.809947 1 0 0 0
2 0.427475 0.439356 0.459777 0.878713 0 0 0 0 0 0