0 0.213800 0.646968 0.139233 0.205239 0.196308 0.662377 1 0 0 0
1 0.192141 0.113758 0.140780 0.199051 0.170267 0.086397 1 0 0 0
3 0.500387 0.175124 0.042543 0.045380 0 0 0 0 0 0
4 0.342590 0.584055 0.062655 0.079414 0.338388 0.595486 1 0 0 0
6 0.377398 0.271363 0.068843 0.087665 0.371324 0.265625 1 0 0 0
10 0.308949 0.270938 0.049505 0.078383 0.308517 0.273795 1 0 0 0
7 0.298135 0.048652 0.040223 0.062913 0.299326 0.049122 1 0 0 0
8 0.342590 0.048652 0.045637 0.060850 0.342984 0.051164 1 0 0 0
9 0.496132 0.043111 0.145421 0.078383 0.535233 0.029718 1 0 0 0
5 0.339109 0.795483 0.374381 0.073226 0.337623 0.801777 1 0 0 0
2 0.429780 0.444222 0.459777 0.878713 0 0 0 0 0 0