0 0.2126392326732673 0.6454207920792079 0.13691212871287126 0.2000825082508251
1 0.19214108910891087 0.11375825082508254 0.14077970297029702 0.19905115511551155
3 0.5011602722772276 0.1761551155115512 0.04254331683168315 0.045379537953795374
4 0.3410426980198019 0.5850866336633662 0.06265470297029707 0.07941419141914198
6 0.372756806930693 0.2612417491749175 0.06884282178217829 0.08766501650165007
10 0.30430074257425743 0.268976897689769 0.04950495049504946 0.0783828382838284
7 0.30043316831683164 0.03537541254125413 0.0402227722772277 0.0629125412541254
8 0.34258972772277224 0.035375412541254134 0.04563737623762374 0.06084983498349836
9 0.4961324257425742 0.04311056105610562 0.14542079207920794 0.07838283828382837
5 0.3398824257425742 0.8027021452145215 0.3743811881188119 0.07322607260726066
2 0.4405940594059408 0.4393564356435646 0.45977722772277263 0.8787128712871292
