0 0.20954517326732666 0.6593440594059407 0.13845915841584153 0.21142739273927388
1 0.19484839108910887 0.12252475247524755 0.14619430693069307 0.21658415841584158
3 0.49729269801980197 0.19471947194719477 0.04254331683168315 0.045379537953795374
4 0.3387221534653465 0.600556930693069 0.06265470297029707 0.07941419141914198
6 0.3743038366336632 0.28290016501650167 0.06884282178217829 0.0876650165016501
10 0.30894183168316836 0.2731023102310231 0.04950495049504946 0.07838283828382837
7 0.2934715346534653 0.05290841584158417 0.0402227722772277 0.06291254125412543
8 0.34181621287128705 0.05703382838283832 0.04563737623762374 0.060849834983498406
9 0.4922648514851485 0.0539397689768977 0.15006188118811883 0.09797854785478546
5 0.3344678217821782 0.8109529702970296 0.3743811881188119 0.07322607260726066
2 0.42976485148514804 0.4461633663366332 0.4597772277227735 0.878712871287129
