0 0.2172803217821782 0.6510932343234324 0.12917698019801982 0.18254950495049502
1 0.195621905940594 0.11375825082508252 0.13536509900990099 0.1949257425742574
7 0.30159344059405935 0.0374381188118812 0.034808168316831714 0.05672442244224422
8 0.3429764851485148 0.0405321782178218 0.03867574257425739 0.05672442244224422
10 0.31010210396039606 0.2674298679867987 0.0379022277227723 0.05878712871287129
6 0.37623762376237624 0.25556930693069313 0.061881188118811895 0.07013201320132025
9 0.49806621287128705 0.04775165016501651 0.1539294554455446 0.08147689768976897
4 0.3422029702970296 0.5814768976897688 0.046410891089108876 0.06806930693069298
3 0.5038675742574258 0.17254537953795382 0.043316831683168376 0.040222772277227745
5 0.34645730198019803 0.772792904290429 0.3596844059405941 0.021658415841584143
2 0.2211478960396039 0.4324463696369636 0.034808168316831714 0.8529290429042905
