7 0.29231126237623756 0.057033828382838304 0.0425433168316832 0.05053630363036306
8 0.33756188118811875 0.05703382838283829 0.040222772277227745 0.05466171617161717
10 0.30314047029702973 0.2829001650165017 0.04099628712871288 0.05466171617161718
6 0.3743038366336634 0.2725866336633664 0.054919554455445496 0.06084983498349838
3 0.4922648514851485 0.18956270627062713 0.03867574257425739 0.03919141914191417
9 0.49381188118811875 0.04775165016501651 0.15006188118811883 0.08766501650165016
3 0.3360148514851485 0.6021039603960396 0.046410891089108966 0.07219471947194726
1 0.19252784653465344 0.11788366336633666 0.14000618811881188 0.18461221122112212
0 0.21573329207920794 0.6479991749174918 0.1369121287128713 0.19080033003300326
2 0.2185179455445548 0.4409034653465343 0.03140470297029614 0.8756188118811875
5 0.33756188118811875 0.7769183168316831 0.3620049504950495 0.03197194719471952
