0 0.2126392326732673 0.6454207920792079 0.13691212871287126 0.2000825082508251
1 0.19214108910891087 0.11375825082508254 0.14077970297029702 0.19905115511551155
3 0.5019337871287128 0.17667079207920797 0.04563737623762361 0.048473597359735915
4 0.34065594059405935 0.5876650165016503 0.057240099009900944 0.07219471947194726
6 0.37585086633663356 0.2478341584158417 0.06884282178217829 0.08766501650165023
10 0.30816831683168316 0.25866336633663367 0.04950495049504946 0.07838283828382837
7 0.30043316831683164 0.03537541254125413 0.0402227722772277 0.0629125412541254
8 0.34258972772277224 0.035375412541254134 0.04563737623762374 0.06084983498349836
9 0.4961324257425742 0.04311056105610562 0.14542079207920794 0.07838283828382837
5 0.33601485148514854 0.8027021452145215 0.3790222772277228 0.08560231023102306
2 0.449257425742574 0.4378094059405939 0.46410891089108885 0.8632425742574255
