0 0.212639 0.645421 0.136912 0.200083 0.196308 0.662377 1 0 0 0
1 0.192141 0.113758 0.140780 0.199051 0.170267 0.086397 1 0 0 0
3 0.500387 0.175124 0.042543 0.045380 0 0 0 0 0 0
4 0.341816 0.583024 0.062655 0.079414 0.341835 0.580678 1 0 0 0
6 0.376624 0.260210 0.068843 0.087665 0.372472 0.247753 1 0 0 0
10 0.311262 0.264851 0.049505 0.078383 0.309666 0.257966 1 0 0 0
7 0.300433 0.035375 0.040223 0.062913 0.299709 0.038399 1 0 0 0
8 0.342590 0.035375 0.045637 0.060850 0.343367 0.034314 1 0 0 0
9 0.496132 0.043111 0.145421 0.078383 0.537531 0.018484 1 0 0 0
5 0.339882 0.802702 0.374381 0.073226 0.334176 0.795139 1 0 0 0
2 0.439047 0.443069 0.459777 0.878713 0 0 0 0 0 0