0 0.213026 0.643874 0.139233 0.205239 0.196308 0.662377 1 0 0 0
1 0.192141 0.113758 0.140780 0.199051 0.171415 0.102226 1 0 0 0
3 0.494972 0.185437 0.042543 0.045380 0 0 0 0 0 0
4 0.337175 0.597463 0.062655 0.079414 0.337623 0.584252 1 0 0 0
6 0.375077 0.271555 0.068843 0.087665 0.369792 0.258476 1 0 0 0
10 0.308942 0.273102 0.049505 0.078383 0.306219 0.265625 1 0 0 0
7 0.296566 0.046720 0.040223 0.062913 0.295496 0.045037 1 0 0 0
8 0.339496 0.046720 0.045637 0.060850 0.339920 0.045037 1 0 0 0
9 0.491878 0.051361 0.147741 0.092822 0.532169 0.028697 1 0 0 0
5 0.339109 0.803733 0.374381 0.073226 0.323836 0.795650 1 0 0 0
2 0.427444 0.441007 0.459777 0.878713 0 0 0 0 0 0