0 0.213800 0.646968 0.139233 0.205239 0.196308 0.662377 1 0 0 0
1 0.192141 0.113758 0.140780 0.199051 0.170267 0.086397 1 0 0 0
3 0.500387 0.175124 0.042543 0.045380 0 0 0 0 0 0
4 0.342590 0.584055 0.062655 0.079414 0.339154 0.585274 1 0 0 0
6 0.377398 0.251960 0.068843 0.087665 0.371324 0.252349 1 0 0 0
10 0.309715 0.260726 0.049505 0.078383 0.309283 0.266646 1 0 0 0
7 0.300433 0.035375 0.040223 0.062913 0.299326 0.037888 1 0 0 0
8 0.342590 0.035375 0.045637 0.060850 0.341452 0.040952 1 0 0 0
9 0.496132 0.043111 0.145421 0.078383 0.535999 0.021548 1 0 0 0
5 0.339109 0.795483 0.374381 0.073226 0.329197 0.800756 1 0 0 0
2 0.431312 0.439356 0.459777 0.878713 0 0 0 0 0 0