7 0.29463180693069296 0.04878300330033003 0.0425433168316832 0.050536303630363
8 0.33756188118811875 0.04672029702970298 0.040222772277227745 0.054661716171617164
10 0.3015934405940594 0.27671204620462053 0.04099628712871288 0.05466171617161727
6 0.3743038366336634 0.2715552805280529 0.054919554455445496 0.060849834983498496
3 0.4976794554455445 0.18131188118811886 0.03867574257425739 0.03919141914191417
9 0.4976794554455445 0.04383250825082508 0.15006188118811883 0.08766501650165016
3 0.3391089108910891 0.5876650165016503 0.046410891089108966 0.07219471947194726
1 0.19252784653465344 0.1312912541254126 0.14000618811881188 0.1846122112211222
0 0.20258353960396036 0.6572813531353136 0.1369121287128713 0.19080033003300326
2 0.21774443069306776 0.4378094059405938 0.03140470297029605 0.8756188118811876
5 0.33756188118811875 0.7769183168316831 0.3620049504950495 0.03197194719471952
