7 0.2934715346534653 0.047751650165016514 0.044863861386138605 0.058787128712871284
8 0.3371751237623762 0.05187706270627065 0.04718440594059414 0.05672442244224426
10 0.30584777227722776 0.26794554455445535 0.044863861386138605 0.06188118811881174
6 0.3731435643564357 0.2689768976897689 0.06033415841584144 0.08663366336633654
3 0.4930383663366336 0.18285891089108916 0.05259900990099009 0.03609735973597363
9 0.49381188118811875 0.04775165016501651 0.15006188118811883 0.08766501650165016
1 0.19252784653465344 0.12097772277227722 0.14000618811881188 0.18461221122112212
0 0.21186571782178215 0.6479991749174918 0.1369121287128713 0.19080033003300326
2 0.2217667079207924 0.4428630363036304 0.038211633663365684 0.8857260726072608
5 0.34297648514851475 0.7748556105610561 0.36200495049504944 0.03197194719471952
4 0.33524133663366334 0.599009900990099 0.05105198019801982 0.07838283828382835
