0 0.213800 0.646968 0.139233 0.205239 0.196308 0.662377 1 0 0 0
1 0.192141 0.126013 0.140780 0.199051 0.171415 0.102226 1 0 0 0
3 0.498066 0.181393 0.042543 0.045380 0 0 0 0 0 0
4 0.342590 0.584055 0.062655 0.079414 0.339154 0.585274 1 0 0 0
6 0.375866 0.263193 0.068843 0.087665 0.373621 0.257455 1 0 0 0
10 0.308942 0.273102 0.049505 0.078383 0.308517 0.268689 1 0 0 0
7 0.298113 0.048783 0.040223 0.062913 0.297794 0.045037 1 0 0 0
8 0.342590 0.053940 0.045637 0.060850 0.339154 0.046058 1 0 0 0
9 0.496132 0.043111 0.145421 0.078383 0.535233 0.030739 1 0 0 0
5 0.339109 0.795483 0.374381 0.073226 0.339920 0.797692 1 0 0 0
2 0.429037 0.444101 0.459777 0.878713 0 0 0 0 0 0