3 0.697246 0.521658 0.051052 0.092822 0 0 0 0 0 0
4 0.291538 0.243709 0.065749 0.085602 0.285156 0.232435 1 0 0 0
6 0.610999 0.308684 0.078125 0.106229 0.613741 0.285539 1 0 0 0
7 0.806312 0.224629 0.054146 0.063944 0.805990 0.207925 1 0 0 0
8 0.814047 0.279806 0.058787 0.067038 0.813649 0.268178 1 0 0 0
10 0.601717 0.233395 0.059561 0.067038 0.597656 0.225286 1 0 0 0
9 0.856977 0.501547 0.149288 0.285685 0.859605 0.552083 1 0 0 0
2 0.495359 0.453104 0.976176 0.735355 0 0 0 0 0 0
5 0.075340 0.274134 0.129950 0.519802 0.079887 0.212010 1 0 0 0
0 0.259437 0.095710 0.170173 0.185644 0.226180 0.045547 1 0 0 0
1 0.724319 0.093647 0.168626 0.181518 0.747013 0.029208 1 0 0 0