3 0.697246 0.521658 0.051052 0.092822 0 0 0 0 0 0
4 0.282347 0.232475 0.065749 0.085602 0.279029 0.225286 1 0 0 0
6 0.609468 0.296429 0.078125 0.106229 0.603018 0.275327 1 0 0 0
7 0.803248 0.208289 0.054146 0.063944 0.802160 0.199755 1 0 0 0
8 0.810217 0.264487 0.058787 0.067038 0.809053 0.256944 1 0 0 0
10 0.596356 0.220119 0.059561 0.067038 0.593061 0.215074 1 0 0 0
9 0.856977 0.501547 0.149288 0.285685 0.856541 0.544935 1 0 0 0
2 0.495828 0.451563 0.976176 0.735355 0 0 0 0 0 0
5 0.075340 0.274134 0.129950 0.519802 0.070695 0.218137 1 0 0 0
0 0.259437 0.095710 0.170173 0.185644 0.228477 0.044526 1 0 0 0
1 0.724319 0.093647 0.168626 0.181518 0.737056 0.020016 1 0 0 0