0 0.212639 0.645421 0.136912 0.200083 0.196308 0.662377 1 0 0 0
1 0.192141 0.113758 0.140780 0.199051 0.170267 0.086397 1 0 0 0
3 0.499613 0.169087 0.042543 0.045380 0 0 0 0 0 0
4 0.342590 0.583115 0.062655 0.079414 0.341069 0.582721 1 0 0 0
6 0.377206 0.255534 0.066147 0.089091 0.372472 0.247753 1 0 0 0
10 0.305924 0.265023 0.049505 0.078383 0.309666 0.257966 1 0 0 0
7 0.300433 0.035375 0.040223 0.062913 0.301241 0.031250 1 0 0 0
8 0.342590 0.035375 0.045637 0.060850 0.342601 0.030229 1 0 0 0
9 0.496132 0.043111 0.145421 0.078383 0.538297 0.017463 1 0 0 0
5 0.339882 0.802702 0.374381 0.073226 0.334942 0.787990 1 0 0 0
2 0.434043 0.439356 0.459777 0.878713 0 0 0 0 0 0