7 0.29849938118811875 0.05187706270627065 0.0425433168316832 0.05053630363036303
8 0.33756188118811875 0.04568894389438945 0.040222772277227745 0.05466171617161716
10 0.3062345297029703 0.2746493399339935 0.04099628712871288 0.054661716171617324
6 0.37585086633663367 0.2725866336633664 0.054919554455445496 0.060849834983498316
3 0.5007735148514852 0.1792491749174918 0.03867574257425739 0.03919141914191417
9 0.4976794554455445 0.04383250825082508 0.15006188118811883 0.08766501650165016
3 0.3391089108910891 0.5876650165016503 0.046410891089108966 0.07219471947194726
1 0.19252784653465344 0.11788366336633666 0.14000618811881188 0.18461221122112212
0 0.21573329207920794 0.6479991749174918 0.1369121287128713 0.19080033003300326
2 0.21697091584158268 0.43780940594059364 0.03140470297029614 0.8756188118811873
5 0.33756188118811875 0.7769183168316831 0.3620049504950495 0.03197194719471952
