0 0.212639 0.645421 0.136912 0.200083 0.196308 0.662377 1 0 0 0
1 0.192141 0.113758 0.140780 0.199051 0.173330 0.100694 1 0 0 0
3 0.499613 0.184406 0.042543 0.045380 0 0 0 0 0 0
4 0.342590 0.592306 0.062655 0.079414 0.338006 0.591912 1 0 0 0
6 0.375077 0.265367 0.068843 0.087665 0.370175 0.263072 1 0 0 0
10 0.313583 0.282384 0.049505 0.078383 0.308134 0.274306 1 0 0 0
7 0.300433 0.035375 0.040223 0.062913 0.298177 0.044526 1 0 0 0
8 0.342590 0.035375 0.045637 0.060850 0.341069 0.047590 1 0 0 0
9 0.496132 0.043111 0.145421 0.078383 0.533701 0.026654 1 0 0 0
5 0.339882 0.802702 0.374381 0.073226 0.335708 0.803309 1 0 0 0
2 0.424814 0.445338 0.459777 0.878713 0 0 0 0 0 0