0 0.2126392326732673 0.6454207920792079 0.13691212871287126 0.2000825082508251
1 0.19214108910891087 0.11375825082508254 0.14077970297029702 0.19905115511551155
3 0.5003867574257426 0.17718646864686474 0.04254331683168315 0.045379537953795374
4 0.33949566831683164 0.5819925742574258 0.06265470297029707 0.07941419141914198
6 0.37971844059405924 0.26021039603960394 0.06884282178217829 0.08766501650165007
10 0.30739480198019803 0.2700082508250825 0.04950495049504946 0.0783828382838284
7 0.30043316831683164 0.03537541254125413 0.0402227722772277 0.0629125412541254
8 0.34258972772277224 0.035375412541254134 0.04563737623762374 0.06084983498349836
9 0.4961324257425742 0.04311056105610562 0.14542079207920794 0.07838283828382837
5 0.3398824257425742 0.8027021452145215 0.3743811881188119 0.07322607260726066
2 0.42899133663366334 0.4412128712871288 0.4597772277227721 0.878712871287129
