7 0.2977258663366336 0.03898514851485149 0.04099628712871284 0.05775577557755776
8 0.3398824257425742 0.03537541254125413 0.040222772277227745 0.05466171617161716
10 0.31242264851485146 0.2643358085808581 0.04563737623762374 0.06291254125412546
6 0.3766243811881188 0.26227310231023104 0.0642017326732672 0.0794141914191419
3 0.5007735148514852 0.17202970297029704 0.04176980198019793 0.045379537953795374
9 0.49381188118811875 0.04775165016501651 0.15006188118811883 0.08766501650165016
1 0.19252784653465344 0.11788366336633666 0.14000618811881188 0.18461221122112212
0 0.21186571782178215 0.6479991749174918 0.1369121287128713 0.19080033003300326
2 0.22315903465346568 0.4320338283828383 0.03233292079207852 0.8640676567656767
5 0.3367883663366336 0.7635107260726073 0.3620049504950495 0.03197194719471952
4 0.3387221534653465 0.5830239273927392 0.051825495049504955 0.07116336633663363
