7 0.3000464108910891 0.04878300330033005 0.0425433168316832 0.05053630363036305
8 0.3437499999999999 0.04568894389438945 0.040222772277227745 0.05466171617161716
10 0.31010210396039606 0.27155528052805283 0.04099628712871288 0.05466171617161718
6 0.3797184405940594 0.2663985148514852 0.054919554455445496 0.06084983498349838
3 0.5038675742574258 0.1802805280528053 0.03867574257425739 0.03919141914191417
9 0.49381188118811875 0.04775165016501651 0.15006188118811883 0.08766501650165016
1 0.19252784653465344 0.11788366336633666 0.14000618811881188 0.18461221122112212
0 0.21186571782178215 0.6479991749174918 0.1369121287128713 0.19080033003300326
2 0.22300433168316863 0.44131600660066006 0.032642326732672575 0.8826320132013201
5 0.3360148514851484 0.7769183168316832 0.36200495049504944 0.03197194719471952
4 0.33949566831683164 0.5964315181518153 0.051825495049504955 0.07116336633663363
