0 0.44198638613861385 0.12665016501650164 0.11912128712871288 0.07838283828382839
1 0.784266707920792 0.11788366336633666 0.11680074257425747 0.09385313531353139
10 0.6825495049504949 0.26330445544554454 0.03558168316831685 0.05259900990099012
7 0.8221689356435643 0.26124174917491755 0.037902227722772255 0.048473597359736005
8 0.8206219059405939 0.30919966996699677 0.03326113861386144 0.04331683168316835
6 0.685256806930693 0.3427186468646865 0.04409034653465342 0.06084983498349838
3 0.734375 0.48040429042904287 0.021658415841584143 0.04331683168316835
9 0.8237159653465348 0.4783415841584159 0.0688428217821782 0.16089108910891092
4 0.48182240099009893 0.29218234323432346 0.04254331683168315 0.05672442244224423
5 0.3472308168316831 0.28754125412541254 0.04099628712871288 0.41460396039603964
2 0.5924350247524752 0.3989273927392739 0.5855507425742574 0.4764851485148515
