0 0.45281559405940597 0.14469884488448848 0.13149752475247523 0.12891914191419143
1 0.7854269801980197 0.1292285478547855 0.1284034653465346 0.1289191419141914
2 0.5935952970297029 0.40047442244224424 0.6126237623762376 0.49608085808580865
3 0.7336014851485146 0.48401402640264024 0.030940594059405947 0.05878712871287129
4 0.48298267326732675 0.29218234323432346 0.04950495049504937 0.07322607260726069
5 0.3495513613861386 0.27722772277227725 0.053372524752475226 0.42698019801980197
6 0.6856435643564357 0.3432343234323433 0.04950495049504946 0.06806930693069309
7 0.822555693069307 0.26433580858085814 0.0371287128712872 0.05466171617161718
8 0.8198483910891088 0.30868399339933994 0.039449257425742526 0.05259900990099009
9 0.8217821782178216 0.4793729372937295 0.07735148514851478 0.1650165016501651
10 0.6833230198019802 0.2663985148514852 0.04486386138613865 0.050536303630363
