7 0.3000464108910891 0.04878300330033005 0.0425433168316832 0.05053630363036305
8 0.3437499999999999 0.04568894389438945 0.040222772277227745 0.05466171617161716
10 0.31010210396039606 0.27155528052805283 0.04099628712871288 0.05466171617161718
6 0.37314356435643564 0.26846122112211224 0.05724009900990099 0.0752887788778878
3 0.4969059405940593 0.19162541254125418 0.03867574257425739 0.03919141914191417
9 0.49381188118811875 0.04775165016501651 0.15006188118811883 0.08766501650165016
1 0.18479269801980194 0.12922854785478552 0.14000618811881188 0.18461221122112212
0 0.21186571782178215 0.6479991749174918 0.1369121287128713 0.19080033003300326
2 0.21403155940594076 0.44131600660066006 0.03264232673267253 0.8826320132013201
5 0.3360148514851485 0.7831064356435643 0.3620049504950495 0.03197194719471952
4 0.3356280940594059 0.5984942244224423 0.051825495049504955 0.07116336633663363
