0 0.2563428217821782 0.07766089108910894 0.16707920792079206 0.14748349834983498
1 0.7250928217821782 0.06992574257425743 0.15470297029702965 0.13613861386138615
10 0.6013304455445544 0.2328795379537954 0.05259900990099009 0.049504950495049486
2 0.033957301980198 0.46287128712871284 0.04563737623762375 0.6600660066006601
7 0.811726485148515 0.21586221122112212 0.04486386138613856 0.05878712871287129
8 0.8159808168316832 0.27722772277227725 0.04409034653465351 0.05156765676567661
6 0.6133199257425742 0.3066212871287129 0.0688428217821782 0.07941419141914192
5 0.05406868811881187 0.25041254125412543 0.0750309405940594 0.46204620462046203
9 0.859684405940594 0.4948432343234324 0.1314975247524753 0.25165016501650167
3 0.7011138613861385 0.5283622112211221 0.04486386138613865 0.06703795379537952
4 0.29192450495049505 0.2375206270627063 0.05569306930693067 0.06910066006600661
