0 0.2126392326732673 0.6454207920792079 0.13691212871287126 0.2000825082508251
1 0.19214108910891087 0.11375825082508254 0.14077970297029702 0.19905115511551155
3 0.5019337871287128 0.16687293729372943 0.04254331683168315 0.045379537953795374
4 0.3414294554455445 0.5773514851485149 0.057240099009900944 0.07219471947194726
6 0.37585086633663356 0.2478341584158417 0.06884282178217829 0.08766501650165023
10 0.30816831683168316 0.25866336633663367 0.04950495049504946 0.07838283828382837
7 0.30043316831683164 0.03537541254125413 0.0402227722772277 0.0629125412541254
8 0.34258972772277224 0.035375412541254134 0.04563737623762374 0.06084983498349836
9 0.4961324257425742 0.04311056105610562 0.14542079207920794 0.07838283828382837
5 0.3398824257425742 0.7913572607260726 0.3743811881188119 0.07322607260726066
2 0.42961014851485146 0.4355404290429043 0.4641089108910892 0.8632425742574257
