7 0.29424504950495045 0.05497112211221123 0.044863861386138605 0.058787128712871284
8 0.34181621287128705 0.060127887788778894 0.04718440594059414 0.05672442244224425
10 0.30584777227722776 0.26794554455445535 0.044863861386138605 0.06188118811881174
6 0.3785581683168317 0.2679455445544553 0.06033415841584144 0.08663366336633643
3 0.4961324257425742 0.18750000000000006 0.03867574257425739 0.03919141914191417
9 0.49381188118811875 0.04775165016501651 0.15006188118811883 0.08766501650165016
1 0.19252784653465344 0.11788366336633666 0.14000618811881188 0.18461221122112212
0 0.21186571782178215 0.6479991749174918 0.1369121287128713 0.19080033003300326
2 0.21828589108910917 0.4408003300330033 0.03589108910891028 0.8816006600660066
5 0.3414294554455444 0.7851691419141915 0.36200495049504944 0.03197194719471952
4 0.3344678217821781 0.6021039603960396 0.05105198019801982 0.07838283828382835
