7 0.2934715346534653 0.05084570957095712 0.044863861386138605 0.05878712871287129
8 0.34181621287128705 0.05290841584158417 0.04718440594059414 0.05672442244224426
10 0.30584777227722776 0.26794554455445535 0.044863861386138605 0.06188118811881174
6 0.3754641089108911 0.26794554455445535 0.06033415841584144 0.08663366336633664
3 0.4953589108910892 0.1864686468646865 0.03867574257425739 0.03919141914191417
9 0.49381188118811875 0.04775165016501651 0.15006188118811883 0.08766501650165016
1 0.19252784653465344 0.11788366336633666 0.14000618811881188 0.18461221122112212
0 0.21186571782178215 0.6479991749174918 0.1369121287128713 0.19080033003300326
2 0.21279393564356458 0.44234735973597367 0.03357054455445478 0.8846947194719473
5 0.34297648514851475 0.7748556105610561 0.36200495049504944 0.03197194719471952
4 0.33369430693069296 0.5917904290429042 0.05105198019801982 0.07838283828382835
