0 0.21302599009900983 0.6438737623762377 0.13923267326732672 0.20523927392739266
1 0.19214108910891087 0.11375825082508254 0.14077970297029702 0.19905115511551155
3 0.49729269801980197 0.17202970297029704 0.04254331683168315 0.045379537953795374
4 0.3364016089108911 0.5788985148514849 0.06265470297029707 0.07941419141914198
6 0.3719832920792079 0.26227310231023077 0.06884282178217829 0.08766501650164955
10 0.30430074257425743 0.25556930693069313 0.04950495049504946 0.0783828382838284
7 0.2950185643564357 0.031456270627062716 0.0402227722772277 0.06291254125412543
8 0.3402691831683168 0.034344059405940645 0.04563737623762374 0.06084983498349841
9 0.49187809405940597 0.05136138613861387 0.14774133663366334 0.09282178217821781
5 0.3336943069306931 0.7923886138613861 0.3743811881188119 0.07322607260726066
2 0.4313118811881186 0.43935643564356464 0.4597772277227731 0.8787128712871293
