4 0.2818688118811881 0.23184818481848185 0.05724009900990099 0.08044554455445546
0 0.24357982673267325 0.07456683168316833 0.16785272277227725 0.13510726072607265
1 0.7177444306930691 0.07456683168316833 0.1585705445544554 0.1412953795379538
7 0.8016707920792079 0.21070544554455448 0.05105198019801982 0.05259900990099009
8 0.8082456683168318 0.2694925742574258 0.053372524752475135 0.05259900990099012
10 0.5932085396039604 0.2220503300330033 0.050278465346534594 0.04641089108910892
6 0.609839108910891 0.2973391089108911 0.06961633663366333 0.0794141914191419
3 0.6902846534653465 0.5195957095709571 0.03403465346534649 0.06600660066006607
9 0.792388613861386 0.49174917491749176 0.020111386138613872 0.264026402640264
2 0.03627784653465345 0.4571988448844884 0.04718440594059407 0.6590346534653465
5 0.038985148514851464 0.2545379537953795 0.06961633663366336 0.4723597359735974
