7 0.29424504950495045 0.04672029702970299 0.044863861386138605 0.05878712871287129
8 0.3425897277227722 0.04878300330033004 0.04718440594059414 0.05672442244224422
10 0.30584777227722776 0.27207095709570955 0.044863861386138605 0.06188118811881174
6 0.37623762376237624 0.2617574257425742 0.06033415841584144 0.08663366336633652
3 0.499226485148515 0.1792491749174918 0.03867574257425739 0.03919141914191417
9 0.49381188118811875 0.04775165016501651 0.15006188118811883 0.08766501650165016
1 0.19020730198019797 0.12097772277227721 0.14000618811881188 0.1846122112211221
0 0.21186571782178215 0.6479991749174918 0.1369121287128713 0.19080033003300326
2 0.220219678217822 0.43976897689768985 0.03357054455445487 0.8774752475247525
5 0.33988242574257416 0.7779496699669967 0.36200495049504944 0.03197194719471952
4 0.3344678217821782 0.5959158415841583 0.05105198019801982 0.07838283828382835
