0 0.44817450495049493 0.1230404290429043 0.11757425742574261 0.0856023102310231
1 0.7831064356435643 0.12149339933993401 0.1175742574257427 0.09075907590759077
7 0.8229424504950493 0.2633044554455446 0.039449257425742526 0.044348184818481864
2 0.5928217821782178 0.3989273927392739 0.5894183168316831 0.47854785478547857
10 0.6821627475247525 0.268976897689769 0.034808168316831714 0.04125412541254126
4 0.48568997524752466 0.29218234323432346 0.04099628712871288 0.05878712871287129
6 0.6868038366336633 0.3385932343234323 0.04873143564356432 0.06497524752475249
5 0.3495513613861386 0.28857260726072614 0.04099628712871288 0.41872937293729373
8 0.8179146039603961 0.3091996699669967 0.03403465346534649 0.04125412541254126
9 0.8229424504950495 0.4773102310231023 0.06729579207920793 0.15676567656765675
3 0.7332147277227723 0.4819513201320132 0.02707301980198018 0.0443481848184818
