7 0.3000464108910891 0.04878300330033005 0.0425433168316832 0.05053630363036305
8 0.3437499999999999 0.04568894389438945 0.040222772277227745 0.05466171617161716
10 0.31010210396039606 0.27155528052805283 0.04099628712871288 0.05466171617161718
6 0.37855816831683164 0.26021039603960394 0.06652227722772279 0.0752887788778878
3 0.5 0.17202970297029704 0.03867574257425739 0.03919141914191417
9 0.49381188118811875 0.04775165016501651 0.15006188118811883 0.08766501650165016
1 0.19252784653465344 0.11788366336633666 0.14000618811881188 0.18461221122112212
0 0.21186571782178215 0.6479991749174918 0.1369121287128713 0.19080033003300326
2 0.2121751237623765 0.10922029702970297 0.004795792079207217 0.21844059405940594
5 0.33756188118811875 0.7800123762376238 0.3620049504950495 0.03197194719471952
4 0.34413675742574257 0.5778671617161716 0.051825495049504955 0.07116336633663363
