7 0.29424504950495045 0.058065181518151834 0.044863861386138605 0.058787128712871284
8 0.3371751237623762 0.0539397689768977 0.04718440594059414 0.056724422442244245
10 0.30584777227722776 0.2823844884488447 0.044863861386138605 0.061881188118811506
6 0.3731435643564357 0.2761963696369636 0.06033415841584144 0.08663366336633646
3 0.495358910891089 0.1844059405940595 0.03867574257425739 0.03919141914191417
9 0.49381188118811875 0.04775165016501651 0.15006188118811883 0.08766501650165016
1 0.19252784653465344 0.11788366336633666 0.14000618811881188 0.18461221122112212
0 0.20954517326732666 0.6583127062706271 0.1369121287128713 0.19080033003300326
2 0.2178991336633666 0.4438943894389439 0.038211633663365684 0.8877887788778878
5 0.33833539603960394 0.7820750825082509 0.36200495049504944 0.03197194719471952
4 0.3360148514851485 0.6031353135313531 0.05105198019801982 0.07838283828382835
