0 0.1824721534653465 0.08900577557755777 0.017790841584158425 0.17223597359735976
1 0.6450340346534653 0.088490099009901 0.006961633663366306 0.1732673267326733
2 0.4787283415841584 0.1168523102310231 0.843904702970297 0.005156765676567658
5 0.059483292079207904 0.25866336633663367 0.09204826732673267 0.4909240924092409
3 0.6953125 0.5293935643564357 0.034808168316831624 0.06497524752475249
4 0.2938582920792079 0.24680280528052806 0.06110767326732676 0.083539603960396
6 0.6156404702970296 0.30455858085808585 0.078125 0.08972772277227724
7 0.8063118811881187 0.22462871287128713 0.05414603960396036 0.06394389438943891
8 0.809792698019802 0.28547854785478555 0.0595606435643564 0.05569306930693072
10 0.6001701732673267 0.23597359735973597 0.048731435643564414 0.06394389438943891
9 0.852336014851485 0.5056724422442245 0.1446472772277227 0.2629950495049505
