4 0.4860767326732673 0.2901196369636964 0.038675742574257474 0.05672442244224423
7 0.8217821782178216 0.26330445544554454 0.03403465346534649 0.04228547854785478
8 0.8221689356435643 0.31023102310231027 0.03326113861386126 0.04125412541254126
0 0.44585396039603953 0.12407178217821783 0.11602722772277226 0.08147689768976901
1 0.781559405940594 0.11891501650165018 0.1191212871287128 0.08766501650165016
6 0.687190594059406 0.3422029702970297 0.043316831683168376 0.051567656765676574
5 0.34993811881188114 0.2885726072607261 0.04641089108910892 0.40635313531353134
9 0.8233292079207921 0.4783415841584159 0.06342821782178217 0.15676567656765675
3 0.7324412128712872 0.4819513201320132 0.02243193069306937 0.04228547854785478
10 0.6848700495049505 0.2679455445544555 0.030940594059405947 0.04950495049504952
2 0.5939820544554455 0.3994430693069307 0.584003712871287 0.4672029702970297
