7 0.30159344059405935 0.0374381188118812 0.0425433168316832 0.05053630363036303
8 0.3422029702970296 0.03640676567656767 0.040222772277227745 0.054661716171617164
10 0.3131961633663366 0.26227310231023104 0.04099628712871288 0.05466171617161718
6 0.3766243811881188 0.25711633663366334 0.054919554455445496 0.06084983498349835
3 0.5054146039603961 0.1668729372937294 0.03867574257425739 0.03919141914191417
9 0.492651608910891 0.03846947194719473 0.14774133663366334 0.06910066006600661
1 0.19252784653465344 0.11788366336633666 0.14000618811881188 0.18461221122112212
0 0.21186571782178215 0.6479991749174918 0.1369121287128713 0.19080033003300326
5 0.3441367574257425 0.7970297029702971 0.37051361386138615 0.05156765676567664
2 0.2246287128712871 0.4422442244224422 0.03712871287128716 0.8663366336633663
4 0.3387221534653465 0.5871493399339934 0.05491955445544554 0.06497524752475244
