0 0.21302599009900983 0.6438737623762377 0.13923267326732672 0.20523927392739266
1 0.19214108910891087 0.11375825082508254 0.14077970297029702 0.19905115511551155
3 0.49922648514851475 0.18750000000000006 0.04641089108910892 0.045379537953795346
4 0.3348545792079207 0.5995255775577557 0.06265470297029707 0.07941419141914198
6 0.37971844059405924 0.26949257425742557 0.06884282178217829 0.08766501650164976
10 0.30739480198019803 0.2772277227722772 0.04950495049504946 0.07838283828382832
7 0.29424504950495045 0.053939768976897694 0.0402227722772277 0.06291254125412539
8 0.3348545792079207 0.05393976897689776 0.04563737623762374 0.06084983498349845
9 0.4899443069306931 0.05424917491749173 0.14542079207920794 0.10849834983498347
5 0.33833539603960394 0.803733498349835 0.3743811881188119 0.07322607260726066
2 0.4351794554455438 0.4393564356435647 0.4597772277227734 0.8787128712871294
