0 0.21379950495049505 0.6469678217821783 0.13923267326732672 0.20523927392739266
1 0.19214108910891087 0.11375825082508254 0.14077970297029702 0.19905115511551155
3 0.5003867574257426 0.17512376237623767 0.04254331683168315 0.045379537953795374
4 0.3425897277227722 0.5840552805280527 0.06265470297029707 0.07941419141914198
6 0.37739789603960383 0.2519595709570957 0.06884282178217829 0.08766501650165007
10 0.3097153465346535 0.2607260726072607 0.04950495049504946 0.07838283828382837
7 0.30043316831683164 0.03537541254125413 0.0402227722772277 0.0629125412541254
8 0.34258972772277224 0.035375412541254134 0.04563737623762374 0.06084983498349836
9 0.4961324257425742 0.04311056105610562 0.14542079207920794 0.07838283828382837
5 0.3391089108910891 0.7954826732673268 0.3743811881188119 0.07322607260726066
2 0.4313118811881188 0.43935643564356436 0.4597772277227724 0.8787128712871287
