7 0.3019801980198019 0.04001650165016503 0.03712871287128712 0.05156765676567656
8 0.34491027227722765 0.035375412541254134 0.036355198019801985 0.054661716171617164
9 0.4953589108910891 0.04001650165016502 0.1376856435643564 0.0763201320132013
1 0.19330136138613857 0.11530528052805282 0.13072400990099015 0.1897689768976898
0 0.21031868811881188 0.6449051155115513 0.1276299504950495 0.180486798679868
4 0.3398824257425742 0.5768358085808581 0.044863861386138605 0.05466171617161718
3 0.5058013613861385 0.16945132013201322 0.04409034653465342 0.04228547854785478
6 0.3739170792079208 0.25505363036303635 0.05414603960396045 0.06497524752475246
10 0.31126237623762376 0.26175742574257427 0.04795792079207919 0.04744224422442246
2 0.22733601485148514 0.43038366336633666 0.04409034653465347 0.8591171617161717
5 0.3499381188118812 0.7923886138613861 0.3635519801980198 0.05466171617161718
