4 0.2872834158415841 0.23494224422442248 0.05569306930693067 0.06806930693069309
0 0.24628712871287126 0.0766295379537954 0.16862623762376233 0.14542079207920794
1 0.7196782178217822 0.08075495049504952 0.16089108910891098 0.147483498349835
7 0.8039913366336634 0.21534653465346537 0.0479579207920791 0.045379537953795374
8 0.8136602722772277 0.2746493399339934 0.051825495049505045 0.04847359735973595
10 0.5970761138613861 0.23030115511551155 0.0595606435643564 0.05259900990099009
2 0.03047648514851483 0.4541047854785479 0.041769801980198015 0.675536303630363
9 0.856203589108911 0.48452970297029707 0.12298886138613856 0.24752475247524758
3 0.6949257425742574 0.5216584158415842 0.03403465346534649 0.0742574257425743
5 0.0443997524752475 0.24834983498349839 0.07735148514851484 0.4867986798679868
6 0.6106126237623762 0.30455858085808585 0.07580445544554451 0.08147689768976898
