7 0.3000464108910891 0.04878300330033005 0.0425433168316832 0.05053630363036305
8 0.3437499999999999 0.04568894389438945 0.040222772277227745 0.05466171617161716
10 0.31010210396039606 0.27155528052805283 0.04099628712871288 0.05466171617161718
6 0.38049195544554454 0.26227310231023104 0.05646658415841577 0.07322607260726072
3 0.5015470297029703 0.1668729372937294 0.03867574257425739 0.03919141914191417
9 0.49381188118811875 0.04775165016501651 0.15006188118811883 0.08766501650165016
1 0.19252784653465344 0.11788366336633666 0.14000618811881188 0.18461221122112212
0 0.21186571782178215 0.6479991749174918 0.1369121287128713 0.19080033003300326
2 0.2266398514851488 0.4366749174917492 0.030012376237623074 0.8733498349834984
5 0.34297648514851475 0.7655734323432344 0.3620049504950495 0.03197194719471952
4 0.3425897277227722 0.5809612211221122 0.051825495049504955 0.07116336633663363
