7 0.29424504950495045 0.04465759075907592 0.044863861386138605 0.058787128712871284
8 0.34181621287128705 0.05290841584158416 0.04718440594059414 0.056724422442244224
10 0.30584777227722776 0.26794554455445535 0.044863861386138605 0.06188118811881174
6 0.3708230198019802 0.26691419141914186 0.06033415841584144 0.08663366336633657
3 0.49845297029702973 0.1823432343234324 0.03867574257425739 0.03919141914191417
9 0.49381188118811875 0.04775165016501651 0.15006188118811883 0.08766501650165016
1 0.19252784653465344 0.11788366336633666 0.14000618811881188 0.18461221122112212
0 0.21186571782178215 0.6479991749174918 0.1369121287128713 0.19080033003300326
2 0.21944616336633688 0.4361592409240924 0.03511757425742514 0.8702557755775578
5 0.3383353960396039 0.7800123762376237 0.36200495049504944 0.03197194719471952
4 0.3344678217821781 0.5959158415841583 0.05105198019801982 0.07838283828382835
