0 0.21379950495049505 0.6469678217821783 0.13923267326732672 0.20523927392739266
1 0.19214108910891087 0.11375825082508254 0.14077970297029702 0.19905115511551155
3 0.49806621287128705 0.18956270627062707 0.04254331683168315 0.045379537953795374
4 0.3348545792079207 0.6057136963696368 0.06265470297029707 0.07941419141914198
6 0.37120977722772264 0.2808374587458745 0.06884282178217829 0.08766501650165
10 0.30894183168316836 0.2731023102310231 0.04950495049504946 0.07838283828382837
7 0.29811262376237624 0.048783003300330044 0.0402227722772277 0.0629125412541254
8 0.34258972772277224 0.053939768976897735 0.04563737623762374 0.060849834983498406
9 0.4961324257425742 0.04311056105610562 0.14542079207920794 0.07838283828382837
5 0.3391089108910891 0.7954826732673268 0.3743811881188119 0.07322607260726066
2 0.4305383663366344 0.43935643564356436 0.45977722772277374 0.8787128712871287
