0 0.21225247524752472 0.647483498349835 0.13459158415841585 0.18976897689768973
1 0.19214108910891087 0.11375825082508254 0.14077970297029702 0.19905115511551155
2 0.22501547029702965 0.433993399339934 0.034808168316831666 0.8601485148514851
3 0.5023205445544554 0.1668729372937294 0.03558168316831676 0.03919141914191417
4 0.3414294554455445 0.5809612211221122 0.046410891089108966 0.0629125412541254
5 0.3418162128712871 0.7722772277227723 0.36123143564356436 0.02887788778877886
6 0.372756806930693 0.2524752475247525 0.06110767326732676 0.07838283828382835
10 0.3104888613861386 0.25711633663366334 0.04486386138613865 0.06084983498349835
7 0.3000464108910891 0.03898514851485149 0.03944925742574257 0.05569306930693068
8 0.34181621287128705 0.03640676567656767 0.03944925742574261 0.054661716171617164
9 0.4961324257425742 0.04311056105610562 0.14542079207920794 0.07838283828382837
